#  0.1000   0.2800   0.0000    sfrf0 19   zfea1 18  =vg, vs, g0,sfrfile,nsfr,zfefile,nzfe
#  0.9627   1.1135  = y, yox 
#  t       sfr      zfe      dg       dstar    star    s        g        zmean    zfe*g    dgox     gox      zox      zmeanox
  0.0021   1.2080   0.2710   2.9926   1.2080   0.0025   0.0025   0.0062   0.2710   0.0017   0.9759   0.0020   0.6129   0.6129
  0.0042   1.2140   0.2874   2.6511   1.1718   0.0050   0.0050   0.0118   0.2792   0.0034   0.9185   0.0039   0.6265   0.6197
  0.0063   1.2190   0.2992   2.4591   1.1529   0.0074   0.0076   0.0169   0.2859   0.0051   0.8839   0.0058   0.6360   0.6252
  0.0083   1.2240   0.3090   2.3158   1.1381   0.0097   0.0101   0.0217   0.2917   0.0068   0.8575   0.0076   0.6438   0.6299
  0.0104   1.2290   0.3176   2.2021   1.1291   0.0121   0.0127   0.0263   0.2969   0.0085   0.8361   0.0093   0.6504   0.6340
  0.0125   1.2350   0.3253   2.1074   1.1240   0.0144   0.0153   0.0307   0.3017   0.0101   0.8185   0.0110   0.6563   0.6378
  0.0146   1.2400   0.3325   2.0243   1.1173   0.0168   0.0179   0.0349   0.3062   0.0117   0.8024   0.0127   0.6617   0.6412
  0.0167   1.2450   0.3391   1.9526   1.1152   0.0191   0.0204   0.0390   0.3103   0.0133   0.7884   0.0143   0.6666   0.6444
  0.0188   1.2500   0.3454   1.8874   1.1126   0.0214   0.0231   0.0429   0.3143   0.0149   0.7755   0.0160   0.6712   0.6475
  0.0208   1.2550   0.3513   1.8292   1.1068   0.0237   0.0257   0.0467   0.3181   0.0165   0.7640   0.0175   0.6755   0.6503
  0.0229   1.2600   0.3570   1.7756   1.1073   0.0260   0.0283   0.0504   0.3217   0.0181   0.7532   0.0191   0.6796   0.6530
  0.0250   1.2650   0.3624   1.7290   1.1057   0.0283   0.0309   0.0540   0.3252   0.0197   0.7437   0.0207   0.6834   0.6556
  0.0271   1.2690   0.3676   1.6831   1.1018   0.0306   0.0336   0.0575   0.3285   0.0213   0.7340   0.0222   0.6871   0.6581
  0.0292   1.2740   0.3726   1.6400   1.1004   0.0329   0.0362   0.0609   0.3317   0.0229   0.7253   0.0237   0.6906   0.6605
  0.0313   1.2790   0.3775   1.6007   1.1006   0.0352   0.0389   0.0643   0.3349   0.0244   0.7172   0.0252   0.6940   0.6628
  0.0333   1.2840   0.3822   1.5695   1.0987   0.0375   0.0416   0.0675   0.3379   0.0260   0.7105   0.0267   0.6972   0.6650
  0.0354   1.2880   0.3867   1.5322   1.0991   0.0398   0.0442   0.0707   0.3409   0.0275   0.7026   0.0281   0.7003   0.6671
  0.0375   1.2930   0.3912   1.4987   1.0987   0.0421   0.0469   0.0739   0.3438   0.0291   0.6956   0.0296   0.7033   0.6692
  0.0396   1.2970   0.3955   1.4712   1.0984   0.0443   0.0496   0.0769   0.3466   0.0306   0.6894   0.0310   0.7062   0.6712
  0.0417   1.3020   0.3997   1.4431   1.0962   0.0466   0.0524   0.0799   0.3493   0.0321   0.6835   0.0324   0.7090   0.6732
  0.0438   1.3060   0.4038   1.4157   1.0964   0.0489   0.0551   0.0829   0.3520   0.0336   0.6774   0.0339   0.7117   0.6751
  0.0458   1.3100   0.4078   1.3854   1.0964   0.0512   0.0578   0.0858   0.3547   0.0351   0.6709   0.0353   0.7144   0.6769
  0.0479   1.3150   0.4118   1.3629   1.0972   0.0535   0.0605   0.0886   0.3572   0.0367   0.6659   0.0366   0.7170   0.6788
  0.0500   1.3190   0.4156   1.3412   1.0971   0.0558   0.0633   0.0914   0.3598   0.0382   0.6609   0.0380   0.7195   0.6805
  0.0521   1.3230   0.4194   1.3157   1.0968   0.0581   0.0660   0.0941   0.3623   0.0397   0.6553   0.0394   0.7219   0.6823
  0.0542   1.3270   0.4231   1.2969   1.0966   0.0603   0.0688   0.0968   0.3647   0.0411   0.6508   0.0407   0.7243   0.6839
  0.0563   1.3310   0.4267   1.2743   1.0962   0.0626   0.0716   0.0995   0.3671   0.0426   0.6458   0.0421   0.7266   0.6856
  0.0583   1.3350   0.4303   1.2525   1.0976   0.0649   0.0744   0.1021   0.3695   0.0441   0.6409   0.0434   0.7289   0.6872
  0.0604   1.3390   0.4338   1.2320   1.0977   0.0672   0.0772   0.1047   0.3718   0.0456   0.6363   0.0447   0.7311   0.6888
  0.0625   1.3430   0.4373   1.2124   1.0975   0.0695   0.0800   0.1072   0.3741   0.0471   0.6318   0.0461   0.7333   0.6904
  0.0646   1.3470   0.4407   1.1998   1.0974   0.0718   0.0828   0.1097   0.3763   0.0485   0.6285   0.0474   0.7355   0.6919
  0.0667   1.3510   0.4440   1.1824   1.0971   0.0741   0.0856   0.1122   0.3786   0.0500   0.6245   0.0487   0.7375   0.6934
  0.0688   1.3540   0.4473   1.1586   1.0987   0.0763   0.0884   0.1146   0.3808   0.0514   0.6191   0.0500   0.7396   0.6949
  0.0708   1.3580   0.4506   1.1425   1.0980   0.0786   0.0912   0.1170   0.3829   0.0529   0.6153   0.0512   0.7416   0.6963
  0.0729   1.3620   0.4538   1.1274   1.0993   0.0809   0.0941   0.1193   0.3851   0.0543   0.6117   0.0525   0.7436   0.6977
  0.0750   1.3650   0.4570   1.1119   1.0980   0.0832   0.0969   0.1216   0.3872   0.0558   0.6077   0.0538   0.7455   0.6991
  0.0771   1.3690   0.4601   1.0983   1.0976   0.0855   0.0998   0.1239   0.3893   0.0572   0.6045   0.0550   0.7474   0.7005
  0.0792   1.3720   0.4632   1.0843   1.0991   0.0878   0.1026   0.1262   0.3913   0.0586   0.6008   0.0563   0.7493   0.7019
  0.0813   1.3750   0.4662   1.0711   1.0990   0.0901   0.1055   0.1284   0.3934   0.0601   0.5974   0.0575   0.7511   0.7032
  0.0833   1.3790   0.4692   1.0529   1.0986   0.0924   0.1084   0.1306   0.3954   0.0615   0.5934   0.0588   0.7529   0.7045
  0.0854   1.3820   0.4722   1.0406   1.0972   0.0947   0.1112   0.1328   0.3974   0.0629   0.5901   0.0600   0.7547   0.7058
  0.0875   1.3850   0.4751   1.0292   1.1008   0.0969   0.1141   0.1349   0.3993   0.0643   0.5870   0.0612   0.7565   0.7071
  0.0896   1.3880   0.4780   1.0114   1.0993   0.0992   0.1170   0.1370   0.4013   0.0657   0.5829   0.0624   0.7582   0.7084
  0.0917   1.3910   0.4809   1.0008   1.0979   0.1015   0.1199   0.1391   0.4032   0.0671   0.5799   0.0637   0.7599   0.7096
  0.0938   1.3940   0.4837   0.9910   1.0964   0.1038   0.1228   0.1412   0.4051   0.0685   0.5772   0.0649   0.7616   0.7109
  0.0958   1.3970   0.4865   0.9745   1.0995   0.1061   0.1257   0.1432   0.4070   0.0699   0.5733   0.0661   0.7632   0.7121
  0.0979   1.4000   0.4893   0.9583   1.0979   0.1084   0.1286   0.1452   0.4088   0.0712   0.5694   0.0672   0.7649   0.7133
  0.1000   1.4020   0.4921   0.9486   1.0971   0.1107   0.1316   0.1472   0.4107   0.0726   0.5664   0.0684   0.7665   0.7144
  0.1021   1.4050   0.4948   0.9405   1.0990   0.1130   0.1345   0.1491   0.4125   0.0740   0.5640   0.0696   0.7681   0.7156
  0.1042   1.4080   0.4975   0.9328   1.0975   0.1152   0.1374   0.1511   0.4143   0.0754   0.5617   0.0708   0.7697   0.7168
  0.1063   1.4100   0.5001   0.9175   1.0965   0.1175   0.1404   0.1530   0.4161   0.0767   0.5578   0.0719   0.7712   0.7179
  0.1083   1.4130   0.5028   0.9030   1.0955   0.1198   0.1433   0.1549   0.4179   0.0781   0.5543   0.0731   0.7727   0.7190
  0.1104   1.4150   0.5054   0.8955   1.0938   0.1221   0.1463   0.1567   0.4197   0.0794   0.5518   0.0742   0.7742   0.7201
  0.1125   1.4180   0.5080   0.8893   1.0959   0.1244   0.1492   0.1586   0.4214   0.0808   0.5499   0.0754   0.7757   0.7212
  0.1146   1.4200   0.5105   0.8753   1.0936   0.1267   0.1522   0.1604   0.4232   0.0821   0.5463   0.0765   0.7771   0.7223
  0.1167   1.4220   0.5131   0.8612   1.0914   0.1289   0.1551   0.1622   0.4249   0.0834   0.5426   0.0776   0.7786   0.7234
  0.1188   1.4240   0.5156   0.8552   1.0893   0.1312   0.1581   0.1640   0.4266   0.0848   0.5405   0.0788   0.7800   0.7245
  0.1208   1.4270   0.5181   0.8426   1.0881   0.1335   0.1611   0.1657   0.4283   0.0861   0.5374   0.0799   0.7815   0.7255
  0.1229   1.4290   0.5206   0.8294   1.0861   0.1357   0.1640   0.1675   0.4299   0.0874   0.5339   0.0810   0.7829   0.7266
  0.1250   1.4310   0.5231   0.8241   1.0840   0.1380   0.1670   0.1692   0.4316   0.0887   0.5319   0.0821   0.7843   0.7276
  0.1271   1.4330   0.5255   0.8194   1.0819   0.1402   0.1700   0.1709   0.4333   0.0900   0.5301   0.0832   0.7856   0.7286
  0.1292   1.4340   0.5279   0.8063   1.0788   0.1425   0.1730   0.1726   0.4349   0.0913   0.5264   0.0843   0.7870   0.7296
  0.1313   1.4360   0.5303   0.7941   1.0798   0.1447   0.1760   0.1742   0.4365   0.0926   0.5232   0.0854   0.7883   0.7306
  0.1333   1.4380   0.5327   0.7821   1.0788   0.1470   0.1790   0.1758   0.4381   0.0939   0.5200   0.0865   0.7896   0.7316
  0.1354   1.4400   0.5351   0.7782   1.0766   0.1492   0.1820   0.1775   0.4397   0.0952   0.5183   0.0876   0.7910   0.7326
  0.1375   1.4410   0.5374   0.7741   1.0748   0.1515   0.1850   0.1791   0.4413   0.0964   0.5164   0.0886   0.7922   0.7335
  0.1396   1.4430   0.5397   0.7629   1.0757   0.1537   0.1880   0.1807   0.4429   0.0977   0.5134   0.0897   0.7935   0.7345
  0.1417   1.4440   0.5420   0.7511   1.0736   0.1559   0.1910   0.1822   0.4444   0.0990   0.5101   0.0908   0.7948   0.7355
  0.1438   1.4460   0.5443   0.7402   1.0745   0.1582   0.1940   0.1838   0.4460   0.1002   0.5072   0.0918   0.7960   0.7364
  0.1458   1.4470   0.5466   0.7287   1.0725   0.1604   0.1970   0.1853   0.4475   0.1015   0.5038   0.0929   0.7973   0.7373
  0.1479   1.4480   0.5489   0.7255   1.0721   0.1626   0.2000   0.1868   0.4491   0.1027   0.5021   0.0939   0.7986   0.7383
  0.1500   1.4500   0.5511   0.7153   1.0694   0.1649   0.2031   0.1883   0.4506   0.1040   0.4994   0.0950   0.7998   0.7392
  0.1521   1.4510   0.5534   0.7042   1.0701   0.1671   0.2061   0.1898   0.4521   0.1052   0.4961   0.0960   0.8010   0.7401
  0.1542   1.4520   0.5556   0.7017   1.0695   0.1693   0.2091   0.1912   0.4536   0.1065   0.4946   0.0970   0.8022   0.7410
  0.1563   1.4530   0.5578   0.6912   1.0673   0.1716   0.2121   0.1927   0.4551   0.1077   0.4916   0.0981   0.8034   0.7419
  0.1583   1.4540   0.5600   0.6891   1.0666   0.1738   0.2152   0.1941   0.4565   0.1089   0.4901   0.0991   0.8046   0.7427
  0.1604   1.4550   0.5621   0.6792   1.0642   0.1760   0.2182   0.1955   0.4580   0.1101   0.4872   0.1001   0.8057   0.7436
  0.1625   1.4560   0.5643   0.6690   1.0635   0.1782   0.2212   0.1969   0.4595   0.1113   0.4842   0.1011   0.8069   0.7445
  0.1646   1.4570   0.5664   0.6593   1.0615   0.1804   0.2243   0.1983   0.4609   0.1125   0.4814   0.1021   0.8080   0.7454
  0.1667   1.4570   0.5686   0.6487   1.0614   0.1826   0.2273   0.1996   0.4624   0.1137   0.4780   0.1031   0.8092   0.7462
  0.1688   1.4580   0.5707   0.6476   1.0610   0.1848   0.2303   0.2010   0.4638   0.1149   0.4769   0.1041   0.8103   0.7470
  0.1708   1.4590   0.5728   0.6382   1.0587   0.1871   0.2334   0.2023   0.4652   0.1161   0.4741   0.1051   0.8114   0.7479
  0.1729   1.4590   0.5749   0.6367   1.0573   0.1893   0.2364   0.2036   0.4666   0.1173   0.4726   0.1061   0.8125   0.7487
  0.1750   1.4600   0.5769   0.6278   1.0580   0.1915   0.2395   0.2049   0.4680   0.1184   0.4700   0.1070   0.8136   0.7495
  0.1771   1.4600   0.5790   0.6095   1.0549   0.1937   0.2425   0.2062   0.4694   0.1196   0.4652   0.1080   0.8147   0.7504
  0.1792   1.4610   0.5811   0.6091   1.0548   0.1959   0.2455   0.2075   0.4708   0.1208   0.4642   0.1090   0.8158   0.7512
  0.1813   1.4610   0.5831   0.6084   1.0514   0.1980   0.2486   0.2088   0.4722   0.1219   0.4629   0.1099   0.8169   0.7520
  0.1833   1.4610   0.5851   0.5906   1.0521   0.2002   0.2516   0.2100   0.4735   0.1231   0.4583   0.1109   0.8179   0.7528
  0.1854   1.4610   0.5872   0.5813   1.0507   0.2024   0.2547   0.2112   0.4749   0.1242   0.4553   0.1118   0.8190   0.7536
  0.1875   1.4610   0.5892   0.5809   1.0475   0.2046   0.2577   0.2124   0.4762   0.1254   0.4541   0.1128   0.8201   0.7544
  0.1896   1.4620   0.5912   0.5814   1.0487   0.2068   0.2608   0.2136   0.4776   0.1265   0.4533   0.1137   0.8211   0.7551
  0.1917   1.4620   0.5931   0.5729   1.0475   0.2090   0.2638   0.2148   0.4789   0.1276   0.4506   0.1147   0.8221   0.7559
  0.1938   1.4620   0.5951   0.5555   1.0443   0.2111   0.2669   0.2160   0.4802   0.1287   0.4460   0.1156   0.8231   0.7567
  0.1958   1.4610   0.5971   0.5550   1.0436   0.2133   0.2699   0.2171   0.4816   0.1299   0.4446   0.1165   0.8242   0.7574
  0.1979   1.4610   0.5990   0.5468   1.0421   0.2155   0.2729   0.2183   0.4829   0.1310   0.4419   0.1175   0.8252   0.7582
  0.2000   1.4610   0.6010   0.5384   1.0422   0.2177   0.2760   0.2194   0.4842   0.1321   0.4392   0.1184   0.8262   0.7589
  0.2021   1.4610   0.6029   0.5391   1.0392   0.2198   0.2790   0.2205   0.4855   0.1332   0.4383   0.1193   0.8272   0.7597
  0.2042   1.4610   0.6048   0.5311   1.0397   0.2220   0.2821   0.2216   0.4868   0.1342   0.4357   0.1202   0.8281   0.7604
  0.2063   1.4600   0.6067   0.5227   1.0374   0.2242   0.2851   0.2227   0.4880   0.1353   0.4327   0.1211   0.8291   0.7612
  0.2083   1.4600   0.6086   0.5148   1.0343   0.2263   0.2882   0.2238   0.4893   0.1364   0.4301   0.1220   0.8301   0.7619
  0.2104   1.4590   0.6105   0.5065   1.0341   0.2285   0.2912   0.2248   0.4906   0.1375   0.4272   0.1229   0.8311   0.7626
  0.2125   1.4590   0.6124   0.4989   1.0327   0.2306   0.2942   0.2259   0.4918   0.1385   0.4247   0.1238   0.8320   0.7633
  0.2146   1.4580   0.6143   0.4996   1.0287   0.2328   0.2973   0.2269   0.4931   0.1396   0.4236   0.1246   0.8330   0.7640
  0.2167   1.4570   0.6161   0.4918   1.0283   0.2349   0.3003   0.2279   0.4943   0.1406   0.4209   0.1255   0.8339   0.7647
  0.2188   1.4570   0.6180   0.4844   1.0270   0.2370   0.3033   0.2289   0.4956   0.1417   0.4184   0.1264   0.8349   0.7654
  0.2208   1.4560   0.6198   0.4767   1.0261   0.2392   0.3064   0.2299   0.4968   0.1427   0.4156   0.1273   0.8358   0.7661
  0.2229   1.4550   0.6217   0.4689   1.0224   0.2413   0.3094   0.2309   0.4980   0.1438   0.4128   0.1281   0.8367   0.7668
  0.2250   1.4540   0.6235   0.4703   1.0220   0.2434   0.3124   0.2319   0.4992   0.1448   0.4120   0.1290   0.8377   0.7675
  0.2271   1.4530   0.6253   0.4628   1.0198   0.2456   0.3155   0.2329   0.5004   0.1458   0.4093   0.1298   0.8386   0.7682
  0.2292   1.4520   0.6271   0.4555   1.0158   0.2477   0.3185   0.2338   0.5016   0.1468   0.4067   0.1307   0.8395   0.7689
  0.2313   1.4510   0.6289   0.4482   1.0157   0.2498   0.3215   0.2347   0.5028   0.1478   0.4040   0.1315   0.8404   0.7695
  0.2333   1.4500   0.6307   0.4410   1.0136   0.2519   0.3245   0.2357   0.5040   0.1488   0.4014   0.1324   0.8413   0.7702
  0.2354   1.4490   0.6325   0.4338   1.0127   0.2540   0.3276   0.2366   0.5052   0.1498   0.3988   0.1332   0.8422   0.7709
  0.2375   1.4480   0.6343   0.4268   1.0089   0.2561   0.3306   0.2375   0.5064   0.1508   0.3962   0.1340   0.8431   0.7715
  0.2396   1.4470   0.6361   0.4287   1.0085   0.2582   0.3336   0.2383   0.5076   0.1518   0.3955   0.1348   0.8440   0.7722
  0.2417   1.4450   0.6378   0.4215   1.0057   0.2603   0.3366   0.2392   0.5087   0.1528   0.3928   0.1357   0.8448   0.7728
  0.2438   1.4440   0.6396   0.4146   1.0018   0.2624   0.3396   0.2401   0.5099   0.1538   0.3902   0.1365   0.8457   0.7735
  0.2458   1.4430   0.6413   0.4080   1.0014   0.2645   0.3426   0.2409   0.5110   0.1547   0.3878   0.1373   0.8465   0.7741
  0.2479   1.4410   0.6431   0.4008   1.0000   0.2666   0.3456   0.2418   0.5122   0.1557   0.3850   0.1381   0.8474   0.7748
  0.2500   1.4400   0.6448   0.4034   0.9978   0.2687   0.3486   0.2426   0.5133   0.1566   0.3845   0.1389   0.8483   0.7754
  0.2521   1.4380   0.6465   0.3965   0.9930   0.2707   0.3516   0.2434   0.5145   0.1576   0.3818   0.1397   0.8491   0.7760
  0.2542   1.4370   0.6482   0.3902   0.9930   0.2728   0.3546   0.2443   0.5156   0.1585   0.3794   0.1405   0.8499   0.7766
  0.2563   1.4350   0.6499   0.3834   0.9914   0.2749   0.3576   0.2451   0.5167   0.1595   0.3768   0.1412   0.8508   0.7773
  0.2583   1.4340   0.6516   0.3772   0.9894   0.2769   0.3606   0.2458   0.5178   0.1604   0.3744   0.1420   0.8516   0.7779
  0.2604   1.4320   0.6533   0.3706   0.9845   0.2790   0.3636   0.2466   0.5189   0.1613   0.3718   0.1428   0.8524   0.7785
  0.2625   1.4300   0.6550   0.3640   0.9832   0.2810   0.3665   0.2474   0.5201   0.1622   0.3692   0.1436   0.8533   0.7791
  0.2646   1.4280   0.6567   0.3575   0.9818   0.2831   0.3695   0.2481   0.5212   0.1631   0.3666   0.1443   0.8541   0.7797
  0.2667   1.4260   0.6584   0.3601   0.9758   0.2851   0.3725   0.2489   0.5222   0.1640   0.3660   0.1451   0.8549   0.7803
  0.2688   1.4250   0.6600   0.3544   0.9754   0.2871   0.3755   0.2496   0.5233   0.1649   0.3638   0.1459   0.8557   0.7809
  0.2708   1.4230   0.6617   0.3481   0.9742   0.2892   0.3784   0.2503   0.5244   0.1658   0.3612   0.1466   0.8565   0.7815
  0.2729   1.4210   0.6633   0.3420   0.9730   0.2912   0.3814   0.2510   0.5255   0.1667   0.3588   0.1474   0.8573   0.7821
  0.2750   1.4190   0.6650   0.3358   0.9668   0.2932   0.3843   0.2517   0.5266   0.1676   0.3563   0.1481   0.8581   0.7827
  0.2771   1.4170   0.6666   0.3298   0.9655   0.2952   0.3873   0.2524   0.5276   0.1685   0.3538   0.1488   0.8589   0.7832
  0.2792   1.4150   0.6683   0.3237   0.9640   0.2972   0.3902   0.2531   0.5287   0.1693   0.3513   0.1496   0.8597   0.7838
  0.2813   1.4120   0.6699   0.3265   0.9618   0.2992   0.3932   0.2538   0.5298   0.1702   0.3506   0.1503   0.8605   0.7844
  0.2833   1.4100   0.6715   0.3207   0.9602   0.3012   0.3961   0.2544   0.5308   0.1711   0.3483   0.1510   0.8613   0.7850
  0.2854   1.4080   0.6731   0.3150   0.9542   0.3032   0.3991   0.2551   0.5319   0.1719   0.3459   0.1517   0.8620   0.7855
  0.2875   1.4060   0.6747   0.3093   0.9530   0.3052   0.4020   0.2557   0.5329   0.1728   0.3436   0.1525   0.8628   0.7861
  0.2896   1.4040   0.6763   0.3037   0.9517   0.3072   0.4049   0.2564   0.5339   0.1736   0.3412   0.1532   0.8636   0.7867
  0.2917   1.4010   0.6779   0.2977   0.9495   0.3092   0.4078   0.2570   0.5350   0.1744   0.3386   0.1539   0.8643   0.7872
  0.2938   1.3990   0.6795   0.2922   0.9465   0.3111   0.4107   0.2576   0.5360   0.1753   0.3363   0.1546   0.8651   0.7878
  0.2958   1.3960   0.6811   0.2863   0.9407   0.3131   0.4136   0.2582   0.5370   0.1761   0.3337   0.1553   0.8659   0.7883
  0.2979   1.3940   0.6827   0.2809   0.9396   0.3150   0.4166   0.2588   0.5380   0.1769   0.3314   0.1560   0.8666   0.7889
  0.3000   1.3920   0.6843   0.2846   0.9381   0.3170   0.4195   0.2594   0.5390   0.1777   0.3312   0.1566   0.8674   0.7894
  0.3021   1.3890   0.6858   0.2790   0.9359   0.3189   0.4223   0.2600   0.5400   0.1785   0.3287   0.1573   0.8681   0.7899
  0.3042   1.3870   0.6874   0.2737   0.9331   0.3209   0.4252   0.2605   0.5410   0.1793   0.3265   0.1580   0.8689   0.7905
  0.3063   1.3840   0.6889   0.2683   0.9275   0.3228   0.4281   0.2611   0.5420   0.1801   0.3241   0.1587   0.8696   0.7910
  0.3083   1.3810   0.6905   0.2627   0.9254   0.3248   0.4310   0.2616   0.5430   0.1809   0.3216   0.1594   0.8703   0.7915
  0.3104   1.3790   0.6920   0.2578   0.9244   0.3267   0.4339   0.2622   0.5440   0.1816   0.3194   0.1600   0.8710   0.7921
  0.3125   1.3760   0.6936   0.2523   0.9223   0.3286   0.4367   0.2627   0.5450   0.1824   0.3169   0.1607   0.8718   0.7926
  0.3146   1.3730   0.6951   0.2561   0.9182   0.3305   0.4396   0.2632   0.5460   0.1832   0.3167   0.1613   0.8725   0.7931
  0.3167   1.3710   0.6966   0.2422   0.9165   0.3324   0.4425   0.2637   0.5469   0.1839   0.3125   0.1620   0.8732   0.7936
  0.3188   1.3680   0.6982   0.2369   0.9111   0.3343   0.4453   0.2642   0.5479   0.1847   0.3100   0.1626   0.8740   0.7941
  0.3208   1.3650   0.6997   0.2408   0.9091   0.3362   0.4481   0.2647   0.5489   0.1854   0.3098   0.1633   0.8747   0.7947
  0.3229   1.3620   0.7012   0.2358   0.9071   0.3381   0.4510   0.2652   0.5498   0.1862   0.3075   0.1639   0.8754   0.7952
  0.3250   1.3590   0.7027   0.2308   0.9047   0.3400   0.4538   0.2657   0.5508   0.1869   0.3052   0.1646   0.8761   0.7957
  0.3271   1.3560   0.7042   0.2258   0.9011   0.3419   0.4566   0.2662   0.5517   0.1876   0.3029   0.1652   0.8768   0.7962
  0.3292   1.3540   0.7057   0.2212   0.8963   0.3437   0.4595   0.2666   0.5527   0.1884   0.3008   0.1658   0.8775   0.7967
  0.3313   1.3510   0.7072   0.2163   0.8946   0.3456   0.4623   0.2671   0.5536   0.1891   0.2986   0.1664   0.8782   0.7972
  0.3333   1.3480   0.7087   0.2115   0.8923   0.3475   0.4651   0.2675   0.5546   0.1898   0.2963   0.1671   0.8789   0.7977
  0.3354   1.3450   0.7102   0.2157   0.8905   0.3493   0.4679   0.2680   0.5555   0.1905   0.2962   0.1677   0.8796   0.7982
  0.3375   1.3420   0.7116   0.2112   0.8879   0.3512   0.4707   0.2684   0.5564   0.1912   0.2940   0.1683   0.8802   0.7986
  0.3396   1.3380   0.7131   0.1970   0.8833   0.3530   0.4735   0.2688   0.5573   0.1919   0.2894   0.1689   0.8809   0.7991
  0.3417   1.3350   0.7146   0.1924   0.8777   0.3548   0.4763   0.2692   0.5583   0.1926   0.2872   0.1695   0.8816   0.7996
  0.3438   1.3320   0.7161   0.1968   0.8759   0.3567   0.4790   0.2696   0.5592   0.1933   0.2871   0.1701   0.8823   0.8001
  0.3458   1.3290   0.7175   0.1923   0.8734   0.3585   0.4818   0.2700   0.5601   0.1940   0.2850   0.1707   0.8829   0.8006
  0.3479   1.3260   0.7190   0.1878   0.8715   0.3603   0.4846   0.2704   0.5610   0.1946   0.2828   0.1713   0.8836   0.8010
  0.3500   1.3230   0.7204   0.1834   0.8697   0.3621   0.4873   0.2708   0.5619   0.1953   0.2807   0.1719   0.8843   0.8015
  0.3521   1.3200   0.7219   0.1790   0.8675   0.3639   0.4901   0.2712   0.5628   0.1960   0.2786   0.1724   0.8850   0.8020
  0.3542   1.3160   0.7233   0.1834   0.8597   0.3657   0.4928   0.2716   0.5637   0.1966   0.2784   0.1730   0.8856   0.8024
  0.3563   1.3130   0.7247   0.1701   0.8576   0.3675   0.4955   0.2719   0.5646   0.1973   0.2742   0.1736   0.8863   0.8029
  0.3583   1.3100   0.7262   0.1658   0.8555   0.3693   0.4983   0.2723   0.5655   0.1979   0.2721   0.1742   0.8869   0.8034
  0.3604   1.3070   0.7276   0.1706   0.8536   0.3710   0.5010   0.2726   0.5663   0.1986   0.2722   0.1747   0.8876   0.8038
  0.3625   1.3030   0.7290   0.1662   0.8505   0.3728   0.5037   0.2730   0.5672   0.1992   0.2699   0.1753   0.8882   0.8043
  0.3646   1.3000   0.7304   0.1531   0.8482   0.3746   0.5064   0.2733   0.5681   0.1998   0.2658   0.1758   0.8889   0.8047
  0.3667   1.2960   0.7319   0.1486   0.8423   0.3763   0.5091   0.2736   0.5690   0.2004   0.2634   0.1764   0.8895   0.8052
  0.3688   1.2930   0.7333   0.1536   0.8409   0.3781   0.5118   0.2739   0.5698   0.2011   0.2636   0.1769   0.8902   0.8056
  0.3708   1.2900   0.7347   0.1496   0.8374   0.3798   0.5145   0.2742   0.5707   0.2017   0.2617   0.1775   0.8908   0.8061
  0.3729   1.2860   0.7361   0.1453   0.8341   0.3816   0.5172   0.2745   0.5715   0.2023   0.2594   0.1780   0.8915   0.8065
  0.3750   1.2830   0.7375   0.1414   0.8320   0.3833   0.5198   0.2748   0.5724   0.2029   0.2575   0.1786   0.8921   0.8069
  0.3771   1.2790   0.7389   0.1462   0.8291   0.3850   0.5225   0.2751   0.5732   0.2035   0.2574   0.1791   0.8927   0.8074
  0.3792   1.2760   0.7402   0.1425   0.8267   0.3868   0.5252   0.2754   0.5741   0.2041   0.2556   0.1796   0.8933   0.8078
  0.3813   1.2720   0.7416   0.1295   0.8209   0.3885   0.5278   0.2757   0.5749   0.2047   0.2513   0.1802   0.8940   0.8083
  0.3833   1.2690   0.7430   0.1257   0.8195   0.3902   0.5305   0.2760   0.5758   0.2052   0.2493   0.1807   0.8946   0.8087
  0.3854   1.2650   0.7444   0.1217   0.8150   0.3919   0.5331   0.2762   0.5766   0.2058   0.2472   0.1812   0.8952   0.8091
  0.3875   1.2620   0.7458   0.1268   0.8126   0.3936   0.5357   0.2765   0.5774   0.2064   0.2475   0.1817   0.8958   0.8095
  0.3896   1.2580   0.7471   0.1231   0.8097   0.3953   0.5384   0.2767   0.5783   0.2069   0.2454   0.1822   0.8964   0.8100
  0.3917   1.2550   0.7485   0.1105   0.8077   0.3969   0.5410   0.2770   0.5791   0.2075   0.2413   0.1827   0.8971   0.8104
  0.3938   1.2510   0.7499   0.1155   0.8014   0.3986   0.5436   0.2772   0.5799   0.2081   0.2414   0.1832   0.8977   0.8108
  0.3958   1.2470   0.7512   0.1118   0.7990   0.4003   0.5462   0.2774   0.5807   0.2086   0.2394   0.1837   0.8983   0.8112
  0.3979   1.2440   0.7526   0.1082   0.7976   0.4019   0.5488   0.2777   0.5815   0.2092   0.2376   0.1842   0.8989   0.8116
  0.4000   1.2400   0.7539   0.1046   0.7947   0.4036   0.5513   0.2779   0.5823   0.2097   0.2355   0.1847   0.8995   0.8120
  0.4021   1.2370   0.7553   0.1011   0.7911   0.4052   0.5539   0.2781   0.5831   0.2102   0.2337   0.1852   0.9001   0.8125
  0.4042   1.2330   0.7566   0.1063   0.7879   0.4069   0.5565   0.2783   0.5839   0.2108   0.2339   0.1857   0.9007   0.8129
  0.4063   1.2290   0.7579   0.0940   0.7850   0.4085   0.5591   0.2785   0.5847   0.2113   0.2298   0.1862   0.9013   0.8133
  0.4083   1.2260   0.7593   0.0906   0.7797   0.4101   0.5616   0.2787   0.5855   0.2118   0.2280   0.1866   0.9019   0.8137
  0.4104   1.2220   0.7606   0.0959   0.7773   0.4118   0.5642   0.2789   0.5863   0.2123   0.2282   0.1871   0.9025   0.8141
  0.4125   1.2180   0.7619   0.0836   0.7748   0.4134   0.5667   0.2791   0.5871   0.2128   0.2240   0.1876   0.9030   0.8145
  0.4146   1.2140   0.7633   0.0801   0.7717   0.4150   0.5692   0.2792   0.5879   0.2133   0.2221   0.1880   0.9037   0.8149
  0.4167   1.2110   0.7646   0.0857   0.7702   0.4166   0.5717   0.2794   0.5887   0.2138   0.2226   0.1885   0.9042   0.8153
  0.4188   1.2070   0.7659   0.0824   0.7657   0.4182   0.5743   0.2796   0.5894   0.2143   0.2207   0.1890   0.9048   0.8156
  0.4208   1.2030   0.7672   0.0790   0.7622   0.4198   0.5768   0.2798   0.5902   0.2148   0.2188   0.1894   0.9054   0.8160
  0.4229   1.1990   0.7685   0.0757   0.7594   0.4213   0.5793   0.2799   0.5910   0.2153   0.2169   0.1899   0.9060   0.8164
  0.4250   1.1960   0.7698   0.0727   0.7544   0.4229   0.5818   0.2801   0.5918   0.2158   0.2152   0.1903   0.9065   0.8168
  0.4271   1.1920   0.7711   0.0694   0.7519   0.4245   0.5842   0.2802   0.5925   0.2163   0.2133   0.1908   0.9071   0.8172
  0.4292   1.1880   0.7724   0.0662   0.7491   0.4260   0.5867   0.2803   0.5933   0.2167   0.2115   0.1912   0.9077   0.8176
  0.4313   1.1840   0.7737   0.0630   0.7467   0.4276   0.5892   0.2805   0.5940   0.2172   0.2096   0.1916   0.9083   0.8180
  0.4333   1.1810   0.7750   0.0601   0.7447   0.4292   0.5916   0.2806   0.5948   0.2177   0.2080   0.1921   0.9088   0.8183
  0.4354   1.1770   0.7763   0.0569   0.7420   0.4307   0.5941   0.2807   0.5955   0.2181   0.2062   0.1925   0.9094   0.8187
  0.4375   1.1730   0.7776   0.0538   0.7375   0.4322   0.5965   0.2808   0.5963   0.2186   0.2043   0.1929   0.9100   0.8191
  0.4396   1.1690   0.7789   0.0594   0.7313   0.4338   0.5990   0.2810   0.5970   0.2190   0.2047   0.1934   0.9106   0.8195
  0.4417   1.1650   0.7801   0.0565   0.7289   0.4353   0.6014   0.2811   0.5978   0.2195   0.2030   0.1938   0.9111   0.8198
  0.4438   1.1610   0.7814   0.0448   0.7262   0.4368   0.6038   0.2812   0.5985   0.2199   0.1989   0.1942   0.9116   0.8202
  0.4458   1.1580   0.7827   0.0420   0.7244   0.4383   0.6062   0.2813   0.5992   0.2203   0.1974   0.1946   0.9122   0.8206
  0.4479   1.1540   0.7840   0.0477   0.7217   0.4398   0.6086   0.2814   0.6000   0.2208   0.1978   0.1950   0.9128   0.8209
  0.4500   1.1500   0.7852   0.0449   0.7187   0.4413   0.6110   0.2815   0.6007   0.2212   0.1961   0.1954   0.9133   0.8213
  0.4521   1.1460   0.7865   0.0334   0.7144   0.4428   0.6134   0.2815   0.6014   0.2216   0.1921   0.1958   0.9139   0.8216
  0.4542   1.1420   0.7878   0.0391   0.7115   0.4443   0.6158   0.2816   0.6021   0.2220   0.1926   0.1962   0.9144   0.8220
  0.4563   1.1380   0.7890   0.0363   0.7053   0.4457   0.6182   0.2817   0.6028   0.2224   0.1909   0.1966   0.9150   0.8224
  0.4583   1.1340   0.7903   0.0334   0.7029   0.4472   0.6205   0.2817   0.6036   0.2228   0.1891   0.1970   0.9155   0.8227
  0.4604   1.1310   0.7915   0.0310   0.7013   0.4487   0.6229   0.2818   0.6043   0.2232   0.1877   0.1974   0.9160   0.8231
  0.4625   1.1270   0.7928   0.0282   0.6985   0.4501   0.6252   0.2819   0.6050   0.2236   0.1860   0.1978   0.9166   0.8234
  0.4646   1.1230   0.7940   0.0340   0.6959   0.4516   0.6276   0.2819   0.6057   0.2240   0.1866   0.1982   0.9171   0.8238
  0.4667   1.1190   0.7952   0.0229   0.6934   0.4530   0.6299   0.2820   0.6064   0.2244   0.1827   0.1986   0.9177   0.8241
  0.4688   1.1150   0.7965   0.0202   0.6888   0.4545   0.6322   0.2820   0.6071   0.2248   0.1810   0.1989   0.9182   0.8245
  0.4708   1.1110   0.7977   0.0261   0.6857   0.4559   0.6345   0.2821   0.6078   0.2252   0.1816   0.1993   0.9187   0.8248
  0.4729   1.1070   0.7989   0.0150   0.6796   0.4573   0.6368   0.2821   0.6085   0.2256   0.1777   0.1997   0.9193   0.8252
  0.4750   1.1030   0.8002   0.0124   0.6774   0.4587   0.6391   0.2821   0.6092   0.2259   0.1761   0.2001   0.9198   0.8255
  0.4771   1.0990   0.8014   0.0184   0.6748   0.4601   0.6414   0.2822   0.6098   0.2263   0.1767   0.2004   0.9203   0.8258
  0.4792   1.0960   0.8026   0.0160   0.6732   0.4615   0.6437   0.2822   0.6105   0.2267   0.1753   0.2008   0.9208   0.8262
  0.4813   1.0920   0.8038   0.0052   0.6706   0.4629   0.6460   0.2822   0.6112   0.2270   0.1714   0.2011   0.9214   0.8265
  0.4833   1.0880   0.8051   0.0026   0.6679   0.4643   0.6483   0.2822   0.6119   0.2274   0.1698   0.2015   0.9219   0.8268
  0.4854   1.0840   0.8063   0.0086   0.6634   0.4657   0.6505   0.2822   0.6126   0.2277   0.1705   0.2019   0.9224   0.8272
  0.4875   1.0800   0.8075   0.0062   0.6604   0.4671   0.6528   0.2823   0.6132   0.2281   0.1689   0.2022   0.9230   0.8275
  0.4896   1.0760   0.8087   0.0038   0.6543   0.4684   0.6550   0.2823   0.6139   0.2284   0.1673   0.2026   0.9235   0.8278
  0.4917   1.0720   0.8099   0.0014   0.6520   0.4698   0.6572   0.2823   0.6146   0.2288   0.1658   0.2029   0.9240   0.8282
  0.4938   1.0680   0.8111  -0.0009   0.6493   0.4711   0.6595   0.2823   0.6152   0.2291   0.1642   0.2032   0.9245   0.8285
  0.4958   1.0640   0.8123  -0.0032   0.6467   0.4725   0.6617   0.2823   0.6159   0.2295   0.1627   0.2036   0.9250   0.8288
  0.4979   1.0600   0.8135  -0.0055   0.6444   0.4738   0.6639   0.2823   0.6165   0.2298   0.1612   0.2039   0.9255   0.8291
  0.5000   1.0570   0.8147  -0.0076   0.6424   0.4752   0.6661   0.2822   0.6172   0.2301   0.1599   0.2042   0.9260   0.8294
  0.5021   1.0530   0.8159  -0.0098   0.6382   0.4765   0.6683   0.2822   0.6179   0.2304   0.1583   0.2046   0.9265   0.8298
  0.5042   1.0490   0.8171  -0.0121   0.6350   0.4778   0.6705   0.2822   0.6185   0.2307   0.1568   0.2049   0.9271   0.8301
  0.5063   1.0450   0.8183  -0.0143   0.6293   0.4791   0.6726   0.2822   0.6192   0.2311   0.1553   0.2052   0.9276   0.8304
  0.5083   1.0410   0.8195  -0.0082   0.6269   0.4804   0.6748   0.2821   0.6198   0.2314   0.1561   0.2056   0.9281   0.8307
  0.5104   1.0370   0.8206  -0.0103   0.6243   0.4817   0.6770   0.2821   0.6204   0.2317   0.1546   0.2059   0.9285   0.8310
  0.5125   1.0330   0.8218  -0.0207   0.6218   0.4830   0.6791   0.2821   0.6211   0.2320   0.1509   0.2062   0.9290   0.8313
  0.5146   1.0290   0.8230  -0.0228   0.6190   0.4843   0.6813   0.2820   0.6217   0.2323   0.1494   0.2065   0.9296   0.8316
  0.5167   1.0250   0.8242  -0.0167   0.6164   0.4856   0.6834   0.2820   0.6223   0.2326   0.1502   0.2068   0.9301   0.8319
  0.5188   1.0220   0.8253  -0.0185   0.6152   0.4869   0.6855   0.2820   0.6230   0.2329   0.1490   0.2071   0.9305   0.8323
  0.5208   1.0180   0.8265  -0.0288   0.6105   0.4882   0.6877   0.2819   0.6236   0.2332   0.1453   0.2074   0.9310   0.8326
  0.5229   1.0140   0.8277  -0.0226   0.6078   0.4894   0.6898   0.2819   0.6242   0.2334   0.1461   0.2077   0.9315   0.8329
  0.5250   1.0100   0.8288  -0.0246   0.6015   0.4907   0.6919   0.2818   0.6248   0.2337   0.1447   0.2080   0.9320   0.8332
  0.5271   1.0060   0.8300  -0.0347   0.5994   0.4919   0.6940   0.2817   0.6255   0.2340   0.1410   0.2083   0.9325   0.8335
  0.5292   1.0020   0.8312  -0.0286   0.5968   0.4932   0.6961   0.2817   0.6261   0.2343   0.1419   0.2086   0.9330   0.8338
  0.5313   0.9985   0.8323  -0.0304   0.5947   0.4944   0.6981   0.2816   0.6267   0.2345   0.1406   0.2089   0.9335   0.8341
  0.5333   0.9947   0.8335  -0.0323   0.5923   0.4956   0.7002   0.2815   0.6273   0.2348   0.1392   0.2092   0.9340   0.8344
  0.5354   0.9908   0.8346  -0.0341   0.5896   0.4969   0.7023   0.2815   0.6279   0.2351   0.1379   0.2095   0.9344   0.8347
  0.5375   0.9870   0.8358  -0.0361   0.5858   0.4981   0.7043   0.2814   0.6285   0.2353   0.1365   0.2098   0.9349   0.8349
  0.5396   0.9832   0.8369  -0.0298   0.5827   0.4993   0.7064   0.2813   0.6291   0.2356   0.1375   0.2101   0.9354   0.8352
  0.5417   0.9793   0.8380  -0.0396   0.5802   0.5005   0.7084   0.2812   0.6297   0.2359   0.1339   0.2103   0.9359   0.8355
  0.5438   0.9755   0.8392  -0.0415   0.5747   0.5017   0.7105   0.2812   0.6303   0.2361   0.1326   0.2106   0.9364   0.8358
  0.5458   0.9717   0.8403  -0.0432   0.5725   0.5029   0.7125   0.2811   0.6309   0.2364   0.1313   0.2109   0.9368   0.8361
  0.5479   0.9679   0.8415  -0.0450   0.5701   0.5041   0.7145   0.2810   0.6315   0.2366   0.1300   0.2112   0.9373   0.8364
  0.5500   0.9641   0.8426  -0.0387   0.5677   0.5053   0.7165   0.2809   0.6321   0.2368   0.1309   0.2114   0.9378   0.8367
  0.5521   0.9603   0.8437  -0.0483   0.5652   0.5065   0.7185   0.2808   0.6327   0.2371   0.1275   0.2117   0.9383   0.8370
  0.5542   0.9565   0.8449  -0.0501   0.5628   0.5076   0.7205   0.2807   0.6333   0.2373   0.1261   0.2120   0.9388   0.8372
  0.5563   0.9528   0.8460  -0.0438   0.5590   0.5088   0.7225   0.2806   0.6339   0.2375   0.1272   0.2122   0.9392   0.8375
  0.5583   0.9490   0.8471  -0.0454   0.5564   0.5099   0.7245   0.2805   0.6345   0.2378   0.1259   0.2125   0.9397   0.8378
  0.5604   0.9452   0.8482  -0.0550   0.5536   0.5111   0.7264   0.2804   0.6350   0.2380   0.1224   0.2127   0.9401   0.8381
  0.5625   0.9415   0.8494  -0.0566   0.5482   0.5122   0.7284   0.2803   0.6356   0.2382   0.1211   0.2130   0.9406   0.8383
  0.5646   0.9377   0.8505  -0.0503   0.5458   0.5134   0.7303   0.2802   0.6362   0.2384   0.1222   0.2133   0.9411   0.8386
  0.5667   0.9340   0.8516  -0.0519   0.5438   0.5145   0.7323   0.2801   0.6368   0.2387   0.1210   0.2135   0.9415   0.8389
  0.5688   0.9303   0.8527  -0.0534   0.5415   0.5156   0.7342   0.2799   0.6373   0.2389   0.1197   0.2138   0.9420   0.8392
  0.5708   0.9265   0.8538  -0.0549   0.5391   0.5168   0.7362   0.2798   0.6379   0.2391   0.1185   0.2140   0.9425   0.8394
  0.5729   0.9228   0.8549  -0.0565   0.5370   0.5179   0.7381   0.2797   0.6385   0.2393   0.1173   0.2142   0.9429   0.8397
  0.5750   0.9191   0.8560  -0.0580   0.5346   0.5190   0.7400   0.2796   0.6390   0.2395   0.1162   0.2145   0.9434   0.8400
  0.5771   0.9154   0.8571  -0.0595   0.5309   0.5201   0.7419   0.2795   0.6396   0.2397   0.1150   0.2147   0.9438   0.8402
  0.5792   0.9117   0.8582  -0.0609   0.5277   0.5212   0.7438   0.2793   0.6401   0.2399   0.1138   0.2150   0.9443   0.8405
  0.5813   0.9080   0.8593  -0.0624   0.5226   0.5223   0.7457   0.2792   0.6407   0.2401   0.1126   0.2152   0.9447   0.8408
  0.5833   0.9043   0.8604  -0.0638   0.5202   0.5234   0.7476   0.2791   0.6413   0.2403   0.1115   0.2154   0.9452   0.8410
  0.5854   0.9007   0.8615  -0.0652   0.5182   0.5245   0.7495   0.2789   0.6418   0.2405   0.1103   0.2157   0.9456   0.8413
  0.5875   0.8970   0.8626  -0.0667   0.5158   0.5255   0.7513   0.2788   0.6424   0.2407   0.1092   0.2159   0.9461   0.8416
  0.5896   0.8933   0.8637  -0.0680   0.5137   0.5266   0.7532   0.2787   0.6429   0.2408   0.1080   0.2161   0.9465   0.8418
  0.5917   0.8897   0.8648  -0.0694   0.5114   0.5277   0.7550   0.2785   0.6434   0.2410   0.1069   0.2163   0.9470   0.8421
  0.5938   0.8861   0.8659  -0.0708   0.5094   0.5287   0.7569   0.2784   0.6440   0.2412   0.1058   0.2166   0.9474   0.8423
  0.5958   0.8824   0.8670  -0.0644   0.5056   0.5298   0.7587   0.2782   0.6445   0.2414   0.1069   0.2168   0.9479   0.8426
  0.5979   0.8788   0.8680  -0.0657   0.5027   0.5308   0.7606   0.2781   0.6451   0.2415   0.1058   0.2170   0.9483   0.8428
  0.6000   0.8752   0.8691  -0.0747   0.5007   0.5319   0.7624   0.2779   0.6456   0.2417   0.1025   0.2172   0.9487   0.8431
  0.6021   0.8716   0.8702  -0.0760   0.4947   0.5329   0.7642   0.2778   0.6461   0.2419   0.1014   0.2174   0.9492   0.8433
  0.6042   0.8680   0.8713  -0.0696   0.4932   0.5339   0.7660   0.2776   0.6467   0.2420   0.1026   0.2176   0.9496   0.8436
  0.6063   0.8644   0.8723  -0.0708   0.4908   0.5350   0.7678   0.2775   0.6472   0.2422   0.1015   0.2179   0.9501   0.8438
  0.6083   0.8609   0.8734  -0.0797   0.4889   0.5360   0.7696   0.2773   0.6477   0.2424   0.0982   0.2181   0.9505   0.8441
  0.6104   0.8573   0.8745  -0.0810   0.4867   0.5370   0.7714   0.2772   0.6483   0.2425   0.0971   0.2183   0.9510   0.8443
  0.6125   0.8537   0.8756  -0.0746   0.4846   0.5380   0.7732   0.2770   0.6488   0.2427   0.0983   0.2185   0.9514   0.8446
  0.6146   0.8502   0.8766  -0.0758   0.4824   0.5390   0.7749   0.2768   0.6493   0.2428   0.0973   0.2187   0.9518   0.8448
  0.6167   0.8467   0.8777  -0.0770   0.4808   0.5400   0.7767   0.2767   0.6498   0.2430   0.0962   0.2189   0.9523   0.8451
  0.6188   0.8431   0.8787  -0.0781   0.4764   0.5410   0.7784   0.2765   0.6503   0.2431   0.0952   0.2191   0.9527   0.8453
  0.6208   0.8396   0.8798  -0.0868   0.4742   0.5420   0.7802   0.2763   0.6508   0.2433   0.0919   0.2193   0.9531   0.8456
  0.6229   0.8361   0.8809  -0.0805   0.4691   0.5430   0.7819   0.2762   0.6514   0.2434   0.0932   0.2195   0.9536   0.8458
  0.6250   0.8326   0.8819  -0.0816   0.4666   0.5439   0.7837   0.2760   0.6519   0.2436   0.0921   0.2196   0.9540   0.8460
  0.6271   0.8291   0.8830  -0.0827   0.4650   0.5449   0.7854   0.2758   0.6524   0.2437   0.0911   0.2198   0.9544   0.8463
  0.6292   0.8257   0.8840  -0.0838   0.4626   0.5459   0.7871   0.2757   0.6529   0.2438   0.0902   0.2200   0.9548   0.8465
  0.6313   0.8222   0.8851  -0.0849   0.4611   0.5468   0.7888   0.2755   0.6534   0.2440   0.0892   0.2202   0.9553   0.8468
  0.6333   0.8187   0.8861  -0.0859   0.4588   0.5478   0.7905   0.2753   0.6539   0.2441   0.0882   0.2204   0.9557   0.8470
  0.6354   0.8153   0.8872  -0.0870   0.4568   0.5487   0.7922   0.2751   0.6544   0.2442   0.0872   0.2206   0.9561   0.8472
  0.6375   0.8119   0.8882  -0.0880   0.4548   0.5497   0.7939   0.2749   0.6549   0.2444   0.0863   0.2208   0.9565   0.8475
  0.6396   0.8084   0.8893  -0.0891   0.4526   0.5506   0.7956   0.2748   0.6554   0.2445   0.0853   0.2209   0.9570   0.8477
  0.6417   0.8050   0.8903  -0.0827   0.4489   0.5516   0.7973   0.2746   0.6559   0.2446   0.0866   0.2211   0.9574   0.8479
  0.6438   0.8016   0.8913  -0.0910   0.4435   0.5525   0.7990   0.2744   0.6564   0.2447   0.0834   0.2213   0.9578   0.8482
  0.6458   0.7982   0.8924  -0.0921   0.4413   0.5534   0.8006   0.2742   0.6569   0.2448   0.0825   0.2215   0.9582   0.8484
  0.6479   0.7949   0.8934  -0.0856   0.4399   0.5543   0.8023   0.2740   0.6573   0.2449   0.0838   0.2216   0.9586   0.8486
  0.6500   0.7915   0.8944  -0.0940   0.4377   0.5552   0.8039   0.2738   0.6578   0.2451   0.0806   0.2218   0.9590   0.8488
  0.6521   0.7881   0.8955  -0.0950   0.4361   0.5561   0.8056   0.2736   0.6583   0.2452   0.0797   0.2220   0.9595   0.8491
  0.6542   0.7848   0.8965  -0.0885   0.4339   0.5570   0.8072   0.2734   0.6588   0.2453   0.0810   0.2221   0.9599   0.8493
  0.6563   0.7815   0.8975  -0.0895   0.4323   0.5579   0.8088   0.2733   0.6593   0.2454   0.0801   0.2223   0.9603   0.8495
  0.6583   0.7781   0.8985  -0.0976   0.4299   0.5588   0.8105   0.2731   0.6598   0.2455   0.0770   0.2225   0.9607   0.8497
  0.6604   0.7748   0.8996  -0.0986   0.4283   0.5597   0.8121   0.2728   0.6602   0.2456   0.0761   0.2226   0.9611   0.8499
  0.6625   0.7715   0.9006  -0.0922   0.4260   0.5606   0.8137   0.2727   0.6607   0.2457   0.0774   0.2228   0.9615   0.8502
  0.6646   0.7682   0.9016  -0.0930   0.4225   0.5615   0.8153   0.2725   0.6612   0.2458   0.0766   0.2229   0.9619   0.8504
  0.6667   0.7649   0.9026  -0.0939   0.4170   0.5624   0.8169   0.2723   0.6617   0.2459   0.0757   0.2231   0.9623   0.8506
  0.6688   0.7617   0.9036  -0.1020   0.4155   0.5632   0.8185   0.2721   0.6621   0.2460   0.0726   0.2232   0.9627   0.8508
  0.6708   0.7584   0.9047  -0.1029   0.4134   0.5641   0.8200   0.2718   0.6626   0.2461   0.0717   0.2234   0.9631   0.8510
  0.6729   0.7552   0.9057  -0.0965   0.4120   0.5649   0.8216   0.2716   0.6631   0.2462   0.0731   0.2235   0.9635   0.8513
  0.6750   0.7519   0.9067  -0.0973   0.4099   0.5658   0.8232   0.2714   0.6635   0.2462   0.0723   0.2237   0.9639   0.8515
  0.6771   0.7487   0.9077  -0.0982   0.4082   0.5667   0.8247   0.2712   0.6640   0.2463   0.0714   0.2238   0.9643   0.8517
  0.6792   0.7455   0.9087  -0.0989   0.4060   0.5675   0.8263   0.2710   0.6644   0.2464   0.0706   0.2240   0.9647   0.8519
  0.6813   0.7423   0.9097  -0.0997   0.4047   0.5683   0.8278   0.2708   0.6649   0.2465   0.0697   0.2241   0.9651   0.8521
  0.6833   0.7391   0.9107  -0.1005   0.4023   0.5692   0.8294   0.2706   0.6654   0.2466   0.0689   0.2243   0.9655   0.8523
  0.6854   0.7359   0.9117  -0.1013   0.4008   0.5700   0.8309   0.2704   0.6658   0.2467   0.0681   0.2244   0.9659   0.8525
  0.6875   0.7327   0.9127  -0.1020   0.3988   0.5708   0.8324   0.2702   0.6663   0.2467   0.0673   0.2246   0.9663   0.8527
  0.6896   0.7296   0.9137  -0.1028   0.3922   0.5717   0.8340   0.2700   0.6667   0.2468   0.0665   0.2247   0.9667   0.8529
  0.6917   0.7264   0.9147  -0.1035   0.3905   0.5725   0.8355   0.2698   0.6672   0.2469   0.0657   0.2248   0.9671   0.8532
  0.6938   0.7233   0.9157  -0.1043   0.3887   0.5733   0.8370   0.2695   0.6676   0.2470   0.0649   0.2250   0.9675   0.8534
  0.6958   0.7202   0.9167  -0.1050   0.3869   0.5741   0.8385   0.2693   0.6681   0.2470   0.0641   0.2251   0.9679   0.8536
  0.6979   0.7171   0.9177  -0.1057   0.3853   0.5749   0.8400   0.2691   0.6685   0.2471   0.0633   0.2252   0.9683   0.8538
  0.7000   0.7140   0.9187  -0.1064   0.3833   0.5757   0.8415   0.2689   0.6689   0.2472   0.0626   0.2254   0.9687   0.8540
  0.7021   0.7109   0.9197  -0.1070   0.3818   0.5765   0.8429   0.2687   0.6694   0.2472   0.0618   0.2255   0.9691   0.8542
  0.7042   0.7078   0.9207  -0.1008   0.3799   0.5773   0.8444   0.2684   0.6698   0.2473   0.0632   0.2256   0.9695   0.8544
  0.7063   0.7047   0.9216  -0.1014   0.3782   0.5781   0.8459   0.2682   0.6703   0.2473   0.0625   0.2258   0.9698   0.8546
  0.7083   0.7017   0.9226  -0.1090   0.3760   0.5789   0.8473   0.2680   0.6707   0.2474   0.0595   0.2259   0.9702   0.8548
  0.7104   0.6986   0.9236  -0.1097   0.3748   0.5796   0.8488   0.2678   0.6711   0.2475   0.0588   0.2260   0.9706   0.8550
  0.7125   0.6956   0.9246  -0.1103   0.3697   0.5804   0.8502   0.2675   0.6716   0.2475   0.0580   0.2261   0.9710   0.8552
  0.7146   0.6926   0.9256  -0.1040   0.3671   0.5812   0.8517   0.2673   0.6720   0.2476   0.0595   0.2263   0.9714   0.8554
  0.7167   0.6896   0.9265  -0.1046   0.3650   0.5819   0.8531   0.2671   0.6724   0.2476   0.0588   0.2264   0.9718   0.8556
  0.7188   0.6866   0.9275  -0.1122   0.3633   0.5827   0.8546   0.2669   0.6728   0.2477   0.0558   0.2265   0.9722   0.8558
  0.7208   0.6836   0.9285  -0.1127   0.3617   0.5834   0.8560   0.2666   0.6733   0.2477   0.0551   0.2266   0.9726   0.8560
  0.7229   0.6806   0.9295  -0.1065   0.3597   0.5842   0.8574   0.2664   0.6737   0.2478   0.0566   0.2267   0.9730   0.8561
  0.7250   0.6777   0.9304  -0.1070   0.3583   0.5849   0.8588   0.2662   0.6741   0.2478   0.0559   0.2268   0.9733   0.8563
  0.7271   0.6747   0.9314  -0.1145   0.3565   0.5857   0.8602   0.2660   0.6745   0.2478   0.0530   0.2270   0.9737   0.8565
  0.7292   0.6718   0.9324  -0.1082   0.3551   0.5864   0.8616   0.2657   0.6750   0.2479   0.0545   0.2271   0.9741   0.8567
  0.7313   0.6688   0.9333  -0.1087   0.3529   0.5872   0.8630   0.2655   0.6754   0.2479   0.0538   0.2272   0.9744   0.8569
  0.7333   0.6659   0.9343  -0.1161   0.3517   0.5879   0.8644   0.2653   0.6758   0.2480   0.0509   0.2273   0.9748   0.8571
  0.7354   0.6630   0.9353  -0.1099   0.3501   0.5886   0.8658   0.2650   0.6762   0.2480   0.0525   0.2274   0.9752   0.8573
  0.7375   0.6601   0.9362  -0.1104   0.3452   0.5893   0.8672   0.2648   0.6766   0.2480   0.0517   0.2275   0.9756   0.8575
  0.7396   0.6572   0.9372  -0.1109   0.3423   0.5900   0.8685   0.2646   0.6770   0.2481   0.0511   0.2276   0.9760   0.8577
  0.7417   0.6544   0.9381  -0.1114   0.3405   0.5908   0.8699   0.2643   0.6774   0.2481   0.0504   0.2277   0.9763   0.8579
  0.7438   0.6515   0.9391  -0.1120   0.3389   0.5915   0.8712   0.2641   0.6778   0.2481   0.0498   0.2278   0.9767   0.8580
  0.7458   0.6487   0.9400  -0.1124   0.3374   0.5922   0.8726   0.2639   0.6782   0.2482   0.0491   0.2279   0.9771   0.8582
  0.7479   0.6458   0.9410  -0.1197   0.3359   0.5929   0.8739   0.2636   0.6787   0.2482   0.0463   0.2280   0.9775   0.8584
  0.7500   0.6430   0.9420  -0.1135   0.3341   0.5936   0.8753   0.2634   0.6791   0.2482   0.0478   0.2281   0.9778   0.8586
  0.7521   0.6402   0.9429  -0.1139   0.3329   0.5943   0.8766   0.2632   0.6795   0.2483   0.0472   0.2282   0.9782   0.8588
  0.7542   0.6374   0.9439  -0.1144   0.3312   0.5949   0.8779   0.2629   0.6799   0.2483   0.0465   0.2283   0.9786   0.8589
  0.7563   0.6346   0.9448  -0.1082   0.3296   0.5956   0.8793   0.2627   0.6803   0.2483   0.0481   0.2284   0.9789   0.8591
  0.7583   0.6318   0.9457  -0.1153   0.3280   0.5963   0.8806   0.2625   0.6807   0.2483   0.0453   0.2285   0.9793   0.8593
  0.7604   0.6291   0.9467  -0.1158   0.3265   0.5970   0.8819   0.2622   0.6810   0.2484   0.0446   0.2286   0.9797   0.8595
  0.7625   0.6263   0.9476  -0.1162   0.3248   0.5977   0.8832   0.2620   0.6814   0.2484   0.0441   0.2287   0.9800   0.8597
  0.7646   0.6236   0.9486  -0.1166   0.3202   0.5983   0.8845   0.2617   0.6818   0.2484   0.0434   0.2288   0.9804   0.8598
  0.7667   0.6208   0.9495  -0.1170   0.3179   0.5990   0.8858   0.2615   0.6822   0.2484   0.0428   0.2289   0.9808   0.8600
  0.7688   0.6181   0.9505  -0.1175   0.3157   0.5997   0.8871   0.2612   0.6826   0.2484   0.0422   0.2290   0.9811   0.8602
  0.7708   0.6154   0.9514  -0.1113   0.3147   0.6003   0.8884   0.2610   0.6830   0.2484   0.0438   0.2290   0.9815   0.8604
  0.7729   0.6127   0.9523  -0.1183   0.3129   0.6010   0.8896   0.2608   0.6834   0.2485   0.0410   0.2291   0.9818   0.8605
  0.7750   0.6100   0.9533  -0.1187   0.3116   0.6016   0.8909   0.2605   0.6838   0.2485   0.0404   0.2292   0.9822   0.8607
  0.7771   0.6073   0.9542  -0.1125   0.3099   0.6023   0.8922   0.2603   0.6842   0.2485   0.0420   0.2293   0.9826   0.8609
  0.7792   0.6047   0.9551  -0.1194   0.3085   0.6029   0.8934   0.2600   0.6845   0.2485   0.0393   0.2294   0.9829   0.8611
  0.7813   0.6020   0.9561  -0.1198   0.3074   0.6035   0.8947   0.2598   0.6849   0.2485   0.0387   0.2295   0.9833   0.8612
  0.7833   0.5994   0.9570  -0.1137   0.3055   0.6042   0.8959   0.2595   0.6853   0.2485   0.0403   0.2296   0.9837   0.8614
  0.7854   0.5968   0.9579  -0.1140   0.3046   0.6048   0.8972   0.2593   0.6857   0.2485   0.0397   0.2296   0.9840   0.8616
  0.7875   0.5941   0.9588  -0.1209   0.3029   0.6054   0.8984   0.2591   0.6861   0.2485   0.0370   0.2297   0.9843   0.8617
  0.7896   0.5915   0.9598  -0.1213   0.3015   0.6061   0.8996   0.2588   0.6864   0.2485   0.0364   0.2298   0.9847   0.8619
  0.7917   0.5889   0.9607  -0.1151   0.2970   0.6067   0.9009   0.2586   0.6868   0.2485   0.0380   0.2299   0.9851   0.8621
  0.7938   0.5864   0.9616  -0.1155   0.2943   0.6073   0.9021   0.2583   0.6872   0.2485   0.0375   0.2299   0.9854   0.8622
  0.7958   0.5838   0.9625  -0.1158   0.2930   0.6079   0.9033   0.2581   0.6875   0.2485   0.0369   0.2300   0.9858   0.8624
  0.7979   0.5812   0.9634  -0.1226   0.2913   0.6085   0.9045   0.2578   0.6879   0.2485   0.0342   0.2301   0.9861   0.8626
  0.8000   0.5787   0.9644  -0.1229   0.2903   0.6091   0.9057   0.2576   0.6883   0.2485   0.0337   0.2302   0.9865   0.8627
  0.8021   0.5761   0.9653  -0.1168   0.2888   0.6097   0.9069   0.2573   0.6886   0.2485   0.0353   0.2302   0.9868   0.8629
  0.8042   0.5736   0.9662  -0.1171   0.2872   0.6103   0.9081   0.2571   0.6890   0.2485   0.0348   0.2303   0.9872   0.8631
  0.8063   0.5711   0.9671  -0.1174   0.2863   0.6109   0.9093   0.2568   0.6894   0.2485   0.0342   0.2304   0.9875   0.8632
  0.8083   0.5686   0.9680  -0.1177   0.2846   0.6115   0.9105   0.2566   0.6897   0.2485   0.0337   0.2305   0.9879   0.8634
  0.8104   0.5661   0.9689  -0.1180   0.2836   0.6121   0.9117   0.2563   0.6901   0.2485   0.0332   0.2305   0.9882   0.8636
  0.8125   0.5636   0.9698  -0.1183   0.2821   0.6127   0.9129   0.2561   0.6905   0.2485   0.0327   0.2306   0.9886   0.8637
  0.8146   0.5611   0.9707  -0.1249   0.2804   0.6133   0.9140   0.2558   0.6908   0.2485   0.0301   0.2307   0.9889   0.8639
  0.8167   0.5586   0.9717  -0.1252   0.2795   0.6139   0.9152   0.2556   0.6912   0.2485   0.0295   0.2307   0.9893   0.8640
  0.8188   0.5562   0.9726  -0.1191   0.2782   0.6144   0.9163   0.2553   0.6915   0.2484   0.0312   0.2308   0.9896   0.8642
  0.8208   0.5538   0.9735  -0.1194   0.2740   0.6150   0.9175   0.2551   0.6919   0.2484   0.0307   0.2308   0.9900   0.8644
  0.8229   0.5513   0.9744  -0.1197   0.2710   0.6156   0.9186   0.2548   0.6922   0.2484   0.0302   0.2309   0.9903   0.8645
  0.8250   0.5489   0.9753  -0.1200   0.2700   0.6161   0.9198   0.2546   0.6926   0.2484   0.0297   0.2310   0.9907   0.8647
  0.8271   0.5465   0.9762  -0.1202   0.2687   0.6167   0.9209   0.2543   0.6929   0.2484   0.0292   0.2310   0.9910   0.8648
  0.8292   0.5441   0.9771  -0.1204   0.2673   0.6173   0.9221   0.2541   0.6933   0.2484   0.0287   0.2311   0.9914   0.8650
  0.8313   0.5417   0.9780  -0.1206   0.2661   0.6178   0.9232   0.2538   0.6936   0.2484   0.0283   0.2311   0.9917   0.8651
  0.8333   0.5393   0.9789  -0.1209   0.2648   0.6184   0.9243   0.2536   0.6940   0.2483   0.0278   0.2312   0.9920   0.8653
  0.8354   0.5370   0.9798  -0.1149   0.2636   0.6189   0.9254   0.2533   0.6943   0.2483   0.0295   0.2313   0.9924   0.8654
  0.8375   0.5346   0.9806  -0.1151   0.2623   0.6195   0.9265   0.2531   0.6947   0.2483   0.0290   0.2313   0.9927   0.8656
  0.8396   0.5323   0.9815  -0.1216   0.2613   0.6200   0.9277   0.2528   0.6950   0.2483   0.0264   0.2314   0.9930   0.8658
  0.8417   0.5299   0.9824  -0.1218   0.2599   0.6205   0.9288   0.2526   0.6954   0.2483   0.0259   0.2314   0.9934   0.8659
  0.8438   0.5276   0.9833  -0.1220   0.2588   0.6211   0.9299   0.2523   0.6957   0.2482   0.0254   0.2315   0.9937   0.8661
  0.8458   0.5253   0.9842  -0.1222   0.2574   0.6216   0.9310   0.2521   0.6960   0.2482   0.0250   0.2315   0.9940   0.8662
  0.8479   0.5230   0.9851  -0.1224   0.2563   0.6222   0.9320   0.2518   0.6964   0.2482   0.0245   0.2316   0.9944   0.8664
  0.8500   0.5207   0.9860  -0.1226   0.2522   0.6227   0.9331   0.2516   0.6967   0.2482   0.0241   0.2316   0.9947   0.8665
  0.8521   0.5184   0.9869  -0.1167   0.2497   0.6232   0.9342   0.2513   0.6971   0.2481   0.0258   0.2317   0.9951   0.8667
  0.8542   0.5161   0.9877  -0.1168   0.2486   0.6237   0.9353   0.2511   0.6974   0.2481   0.0254   0.2317   0.9954   0.8668
  0.8563   0.5139   0.9886  -0.1231   0.2473   0.6242   0.9364   0.2508   0.6977   0.2481   0.0228   0.2318   0.9957   0.8669
  0.8583   0.5116   0.9895  -0.1233   0.2462   0.6247   0.9374   0.2506   0.6981   0.2481   0.0224   0.2318   0.9960   0.8671
  0.8604   0.5094   0.9904  -0.1235   0.2450   0.6253   0.9385   0.2503   0.6984   0.2480   0.0219   0.2319   0.9964   0.8672
  0.8625   0.5072   0.9913  -0.1176   0.2442   0.6258   0.9395   0.2501   0.6987   0.2480   0.0236   0.2319   0.9967   0.8674
  0.8646   0.5049   0.9921  -0.1177   0.2425   0.6263   0.9406   0.2498   0.6990   0.2480   0.0232   0.2320   0.9970   0.8675
  0.8667   0.5027   0.9930  -0.1240   0.2417   0.6268   0.9416   0.2496   0.6994   0.2479   0.0207   0.2320   0.9974   0.8677
  0.8688   0.5005   0.9939  -0.1241   0.2404   0.6273   0.9427   0.2493   0.6997   0.2479   0.0203   0.2321   0.9977   0.8678
  0.8708   0.4983   0.9948  -0.1183   0.2397   0.6278   0.9437   0.2491   0.7000   0.2479   0.0219   0.2321   0.9980   0.8680
  0.8729   0.4961   0.9956  -0.1184   0.2384   0.6283   0.9448   0.2488   0.7003   0.2478   0.0216   0.2322   0.9983   0.8681
  0.8750   0.4940   0.9965  -0.1246   0.2371   0.6288   0.9458   0.2486   0.7007   0.2478   0.0190   0.2322   0.9987   0.8682
  0.8771   0.4918   0.9974  -0.1247   0.2357   0.6293   0.9468   0.2483   0.7010   0.2478   0.0186   0.2322   0.9990   0.8684
  0.8792   0.4897   0.9983  -0.1189   0.2355   0.6297   0.9478   0.2480   0.7013   0.2477   0.0203   0.2323   0.9994   0.8685
  0.8813   0.4875   0.9991  -0.1190   0.2309   0.6302   0.9488   0.2478   0.7016   0.2477   0.0199   0.2323   0.9997   0.8687
  0.8833   0.4854   1.0000  -0.1311   0.2286   0.6307   0.9499   0.2475   0.7019   0.2476   0.0153   0.2324   1.0000   0.8688
  0.8854   0.4833   1.0010  -0.1371   0.2277   0.6312   0.9509   0.2472   0.7023   0.2476   0.0129   0.2324   1.0004   0.8689
  0.8875   0.4812   1.0020  -0.1373   0.2261   0.6316   0.9519   0.2470   0.7026   0.2476   0.0124   0.2324   1.0007   0.8691
  0.8896   0.4791   1.0030  -0.0784   0.2256   0.6321   0.9529   0.2468   0.7029   0.2475   0.0329   0.2325   1.0011   0.8692
  0.8917   0.4770   1.0030  -0.0782   0.2245   0.6326   0.9539   0.2466   0.7032   0.2475   0.0327   0.2325   1.0011   0.8694
  0.8938   0.4749   1.0040  -0.1374   0.2230   0.6331   0.9548   0.2463   0.7035   0.2474   0.0114   0.2326   1.0015   0.8695
  0.8958   0.4728   1.0050  -0.1375   0.2225   0.6335   0.9558   0.2461   0.7038   0.2474   0.0110   0.2326   1.0019   0.8696
  0.8979   0.4708   1.0060  -0.1376   0.2213   0.6340   0.9568   0.2458   0.7041   0.2474   0.0106   0.2326   1.0022   0.8698
  0.9000   0.4687   1.0070  -0.1377   0.2200   0.6344   0.9578   0.2455   0.7044   0.2473   0.0102   0.2326   1.0026   0.8699
  0.9021   0.4667   1.0080  -0.1378   0.2194   0.6349   0.9588   0.2452   0.7047   0.2473   0.0099   0.2327   1.0030   0.8700
  0.9042   0.4646   1.0090  -0.0797   0.2180   0.6353   0.9597   0.2450   0.7051   0.2472   0.0302   0.2327   1.0034   0.8702
  0.9063   0.4626   1.0090  -0.0795   0.2174   0.6358   0.9607   0.2449   0.7054   0.2472   0.0300   0.2328   1.0034   0.8703
  0.9083   0.4606   1.0100  -0.1379   0.2161   0.6362   0.9616   0.2446   0.7057   0.2471   0.0089   0.2328   1.0037   0.8704
  0.9104   0.4586   1.0110  -0.1380   0.2153   0.6367   0.9626   0.2443   0.7060   0.2471   0.0085   0.2328   1.0041   0.8706
  0.9125   0.4566   1.0120  -0.1381   0.2113   0.6371   0.9636   0.2440   0.7063   0.2470   0.0081   0.2328   1.0045   0.8707
  0.9146   0.4546   1.0130  -0.1382   0.2092   0.6376   0.9645   0.2437   0.7066   0.2470   0.0077   0.2328   1.0049   0.8708
  0.9167   0.4526   1.0140  -0.1382   0.2153   0.6380   0.9654   0.2434   0.7069   0.2470   0.0074   0.2329   1.0052   0.8710
  0.9188   0.4507   1.0150  -0.0808   0.2138   0.6385   0.9664   0.2433   0.7072   0.2469   0.0277   0.2329   1.0056   0.8711
  0.9208   0.4487   1.0150  -0.0806   0.2130   0.6389   0.9673   0.2431   0.7075   0.2469   0.0275   0.2330   1.0056   0.8712
  0.9229   0.4468   1.0160  -0.1382   0.2125   0.6394   0.9682   0.2428   0.7078   0.2468   0.0065   0.2330   1.0060   0.8714
  0.9250   0.4448   1.0170  -0.1383   0.2119   0.6398   0.9692   0.2425   0.7081   0.2468   0.0061   0.2330   1.0063   0.8715
  0.9271   0.4429   1.0180  -0.1384   0.2105   0.6402   0.9701   0.2422   0.7084   0.2467   0.0058   0.2330   1.0067   0.8716
  0.9292   0.4410   1.0190  -0.1384   0.2097   0.6407   0.9710   0.2419   0.7086   0.2467   0.0054   0.2330   1.0071   0.8717
  0.9313   0.4391   1.0200  -0.0816   0.2090   0.6411   0.9719   0.2418   0.7089   0.2466   0.0257   0.2331   1.0075   0.8719
  0.9333   0.4372   1.0200  -0.0814   0.2047   0.6415   0.9728   0.2416   0.7092   0.2465   0.0254   0.2331   1.0075   0.8720
  0.9354   0.4353   1.0210  -0.1384   0.2032   0.6420   0.9737   0.2413   0.7095   0.2465   0.0045   0.2331   1.0078   0.8721
  0.9375   0.4334   1.0220  -0.1385   0.2017   0.6424   0.9747   0.2410   0.7098   0.2464   0.0042   0.2332   1.0082   0.8723
  0.9396   0.4315   1.0230  -0.1385   0.2006   0.6428   0.9756   0.2407   0.7101   0.2464   0.0039   0.2332   1.0086   0.8724
  0.9417   0.4296   1.0240  -0.1385   0.2000   0.6432   0.9764   0.2404   0.7104   0.2463   0.0035   0.2332   1.0089   0.8725
  0.9438   0.4278   1.0250  -0.0823   0.1994   0.6436   0.9773   0.2403   0.7107   0.2463   0.0237   0.2332   1.0093   0.8726
  0.9458   0.4259   1.0250  -0.0821   0.1985   0.6440   0.9782   0.2401   0.7110   0.2462   0.0235   0.2333   1.0093   0.8728
  0.9479   0.4241   1.0260  -0.1385   0.1975   0.6445   0.9791   0.2398   0.7112   0.2462   0.0027   0.2333   1.0097   0.8729
  0.9500   0.4222   1.0270  -0.1384   0.1968   0.6449   0.9800   0.2395   0.7115   0.2461   0.0024   0.2333   1.0100   0.8730
  0.9521   0.4204   1.0280  -0.1385   0.1960   0.6453   0.9809   0.2392   0.7118   0.2461   0.0020   0.2333   1.0104   0.8731
  0.9542   0.4186   1.0290  -0.1385   0.1952   0.6457   0.9817   0.2389   0.7121   0.2460   0.0017   0.2333   1.0108   0.8732
  0.9563   0.4168   1.0300  -0.0829   0.1946   0.6461   0.9826   0.2388   0.7124   0.2459   0.0218   0.2333   1.0111   0.8734
  0.9583   0.4150   1.0300  -0.0827   0.1937   0.6465   0.9835   0.2386   0.7127   0.2459   0.0216   0.2334   1.0111   0.8735
  0.9604   0.4132   1.0310  -0.1384   0.1929   0.6469   0.9843   0.2383   0.7129   0.2458   0.0009   0.2334   1.0115   0.8736
  0.9625   0.4114   1.0320  -0.1384   0.1921   0.6473   0.9852   0.2380   0.7132   0.2458   0.0006   0.2334   1.0119   0.8737
  0.9646   0.4097   1.0330  -0.1385   0.1881   0.6477   0.9860   0.2377   0.7135   0.2457   0.0003   0.2334   1.0122   0.8739
  0.9667   0.4079   1.0340  -0.1384   0.1858   0.6481   0.9869   0.2374   0.7138   0.2456   0.0000   0.2334   1.0126   0.8740
  0.9688   0.4061   1.0350  -0.0834   0.1853   0.6485   0.9877   0.2373   0.7140   0.2456   0.0200   0.2334   1.0130   0.8741
  0.9708   0.4044   1.0350  -0.0833   0.1845   0.6488   0.9886   0.2371   0.7143   0.2455   0.0198   0.2335   1.0130   0.8742
  0.9729   0.4027   1.0360  -0.1383   0.1834   0.6492   0.9894   0.2368   0.7146   0.2455  -0.0008   0.2335   1.0134   0.8743
  0.9750   0.4009   1.0370  -0.1383   0.1830   0.6496   0.9903   0.2365   0.7149   0.2454  -0.0011   0.2335   1.0137   0.8744
  0.9771   0.3992   1.0380  -0.1383   0.1820   0.6500   0.9911   0.2362   0.7151   0.2453  -0.0014   0.2335   1.0141   0.8746
  0.9792   0.3975   1.0390  -0.0838   0.1814   0.6504   0.9919   0.2361   0.7154   0.2453   0.0186   0.2335   1.0145   0.8747
  0.9813   0.3958   1.0390  -0.0836   0.1805   0.6507   0.9927   0.2359   0.7157   0.2452   0.0184   0.2335   1.0145   0.8748
  0.9833   0.3941   1.0400  -0.1381   0.1795   0.6511   0.9936   0.2356   0.7159   0.2451  -0.0021   0.2335   1.0148   0.8749
  0.9854   0.3924   1.0410  -0.1381   0.1795   0.6515   0.9944   0.2353   0.7162   0.2451  -0.0024   0.2335   1.0152   0.8750
  0.9875   0.3907   1.0420  -0.1381   0.1779   0.6519   0.9952   0.2350   0.7165   0.2450  -0.0027   0.2335   1.0155   0.8751
  0.9896   0.3891   1.0430  -0.0840   0.1778   0.6522   0.9960   0.2348   0.7167   0.2449   0.0172   0.2336   1.0159   0.8753
  0.9917   0.3874   1.0430  -0.0838   0.1768   0.6526   0.9968   0.2347   0.7170   0.2449   0.0171   0.2336   1.0159   0.8754
  0.9938   0.3857   1.0440  -0.1379   0.1764   0.6530   0.9976   0.2344   0.7173   0.2448  -0.0034   0.2336   1.0163   0.8755
  0.9958   0.3841   1.0450  -0.1379   0.1725   0.6533   0.9984   0.2341   0.7175   0.2447  -0.0037   0.2336   1.0166   0.8756
  0.9979   0.3824   1.0460  -0.1378   0.1706   0.6537   0.9992   0.2338   0.7178   0.2447  -0.0039   0.2336   1.0170   0.8757
  1.0000   0.3808   1.0470  -0.1111   0.1666   0.6540   1.0000   0.2336   0.7180   0.2446   0.0058   0.2336   1.0174   0.8758
